T: 1 
f0: 0.07
alpha: 0.036698  
beta: 0.5 
rho: 0.098252 
Vv: 0.599714

